Escenario;Código NFR;Nombre;Unidad;NOx - 2021;NOx - 2022;NOx - 2025;NOx - 2030;NMVOC - 2021;NMVOC - 2022;NMVOC - 2025;NMVOC - 2030;SOx (as SO2) - 2021;SOx (as SO2) - 2022;SOx (as SO2) - 2025;SOx (as SO2) - 2030;NH3 - 2021;NH3 - 2022;NH3 - 2025;NH3 - 2030;PM2.5 - 2021;PM2.5 - 2022;PM2.5 - 2025;PM2.5 - 2030;PM2.5 - 2040
WeM;1A1;Energy industries (Combustion in power plants & Energy Production);kt;40,49638323;41,48541925;44,57356881;44,16986359;10,90562266;10,29793343;8,507305029;7,320666654;8,463393048;8,640910532;8,840144263;8,45541297;1,870143834;1,773318019;1,613644695;1,521310726;4,765164273;4,672324128;4,43877313;4,34762007;2,891956152
WeM;1A2;Manufacturing Industries and Construction (Combustion in industry including Mobile);kt;103,5276719;100,3193827;94,28877596;92,67915998;21,687467;22,51624634;25,44909084;26,50639942;54,03007843;49,95176431;46,19629408;43,16610589;1,689555064;1,844255336;2,308356152;2,438940586;9,149643682;9,712485151;11,48181443;11,89756188;17,78110057
WeM;1A3b;Road Transport;kt;229,6369639;189,0151769;152,7750392;64,63135521;22,27674716;20,58178511;16,52664321;13,11842539;0,297694598;0,301927336;0,313091328;0,300835522;2,432855097;2,09710187;1,635056206;1,303206542;12,92749236;11,16296391;9,311290057;5,540056843;5,134434746
WeM;1A3bi;R.T., Passenger cars;kt;139,2006511;115,3202753;93,71479376;43,79373127;8,881446236;7,362269716;4,886043026;2,729907905;0,190121063;0,188554521;0,183854895;0,16768018;2,085278864;1,678509084;1,086697598;0,625786212;5,437265723;4,169282283;2,946218542;0,326802503;0,294978671
WeM;1A3bii;R.T., Light duty vehicles;kt;22,45289685;15,72860949;8,247136339;1,519394343;1,393586085;1,034266318;0,552433319;0,405785821;0,024399311;0,022867018;0,01825485;0,018893784;0,069835675;0,065055114;0,050807522;0,052069594;1,139361675;0,782448853;0,399008964;0,011477027;0,011611425
WeM;1A3biii;R.T., Heavy duty vehicles;kt;65,6195646;55,61315165;48,53366562;17,017211;1,736072626;1,396404409;1,091373497;0,074480367;0,076984473;0,084330385;0,104999576;0,10822293;0,246014824;0,322755308;0,468594672;0,597570328;1,031460409;0,832224926;0,661432156;0,044765767;0,052409302
WeM;1A3biv;R.T., Mopeds & Motorcycles;kt;2,363851306;2,35314038;2,27944346;2,301018592;7,09554475;7,61874721;7,920046919;8,903374221;0,006189751;0,006175412;0,005982007;0,006038627;0,031725734;0,030782364;0,028956414;0,027780408;0,122032749;0,121469261;0,117665021;0,118778731;0,111101387
WeM;1A3bv;R.T., Gasoline evaporation;kt;NA;NA;NA;NA;3,170097459;3,170097459;2,076746451;1,004877075;NA;NA;NA;NA;NA;NA;NA;NA;NA;NA;NA;NA;NA
WeM;1A3bvi;R.T., Automobile tyre and brake wear;kt;NA;NA;NA;NA;NA;NA;NA;NA;NA;NA;NA;NA;NA;NA;NA;NA;3,258357038;3,331267433;3,286551027;3,192311503;2,955402719
WeM;1A3bvii;R.T., Automobile road abrasion;kt;NA;NA;NA;NA;NA;NA;NA;NA;NA;NA;NA;NA;NA;NA;NA;NA;1,939014769;1,92627115;1,900414347;1,845921312;1,708931242
WeM;1A3a,c,d,e;Off-road transport;kt;11,23126169;12,99335263;18,73069789;19,47138054;1,558715444;1,752252285;2,326119739;2,460176672;3,127854189;3,257683795;3,647515457;3,874816397;0,003862137;0,00400342;0,004427267;0,004686959;1,291238382;1,324726227;1,436783866;1,515323357;1,67312472
WeM;1A4;Other sectors (Commercial, institutional, residential, agriculture and fishing stationary and mobile combustion);kt;85,60681954;80,65028333;72,10317888;58,16520579;47,04476476;44,63645255;37,4115159;28,91802353;18,34260229;16,26306302;10,47629933;7,042311855;4,368920106;4,198481496;3,687165665;3,035760543;38,59725708;36,59550041;30,95056355;23,78037327;15,81926102
WeM;1A5;Other;kt;1,938857876;1,965968308;2,027688364;2,120187113;0,048808573;0,049491048;0,051044781;0,053373333;0,093442706;0,094749286;0,097723866;0,102181817;0,000866581;0,000878698;0,000906284;0,000947627;0,02599982;0,026363367;0,027191025;0,02843142;0,030650247
WeM;1B;Fugitive emissions (Fugitive emissions from fuels);kt;4,028431864;4,081910516;4,242400749;3,922946254;21,80626514;22,06686483;22,87734332;21,25963565;21,35898968;21,64259537;22,49346071;20,79906011;0,010445252;0,010529321;0,011004654;0,010766141;0,178397767;0,179837937;0,187951615;0,183831158;0,17999499
WeM;2A,B,C,H,I,J,K,L;Industrial Processes;kt;3,605934286;3,727521786;4,068914264;4,05516759;34,6171859;34,83422448;35,27664372;35,56267727;14,68746284;14,34836031;13,22171497;13,59452427;1,301331578;1,32700305;1,394956276;1,485051204;6,344346458;6,433389354;6,71797394;6,61672194;7,099856948
WeM;2D, 2G;Solvent and other product use;kt;0,100662219;0,103238918;0,110969017;0,123852514;262,7613145;257,4823268;264,1528571;273,9795681;0,004404157;0,004523113;0,004861785;0,005426238;0,231208155;0,237126503;0,254881544;0,284473278;1,629759263;1,670609214;1,793159047;1,997408767;2,30438329
WeM;3B;Animal husbandry and manure management;kt;7,105886771;7,084147176;7,056288165;7,009856479;73,22820777;72,76855636;71,41899578;69,20339739;NA;NA;NA;NA;223,1474597;217,3011807;201,182155;177,911899;1,856145953;1,841594295;1,808102652;1,752283246;1,710803411
WeM;3B1a;Cattle Dairy;kt;0,902001845;0,897318313;0,882482514;0,857756181;21,05818509;20,91882103;20,45555534;19,69221805;NA;NA;NA;NA;30,95422292;30,28895745;28,2655758;24,89327304;0,33282734;0,33114185;0,325666921;0,316542039;0,293460849
WeM;3B1b;Cattle Non-Dairy;kt;2,215234678;2,208185094;2,185369751;2,147344181;18,93452737;18,75498666;18,2205029;17,34550536;NA;NA;NA;NA;35,76384351;35,47139887;34,56762321;33,06133045;0,37059498;0,372575042;0,368725534;0,362309686;0,358612649
WeM;3B2;Sheep;kt;0,30164361;0,300082218;0,296295875;0,289985304;0,858021515;0,855811937;0,847863913;0,834617208;NA;NA;NA;NA;8,096920787;8,025190515;7,8386417;7,527727007;0,08239648;0,081917625;0,080884015;0,07916133;0,074950621
WeM;3B3;Swine;kt;0,373840472;0,365905051;0,343260405;0,305519329;13,8980621;13,56813823;12,58872311;10,95636459;NA;NA;NA;NA;80,26203699;78,26111017;72,55180611;63,03629934;0,203380334;0,199480865;0,185128386;0,161207587;0,159756718
WeM;3B4a;Buffalo;kt;NO;NO;NO;NO;NO;NO;NO;NO;NO;NO;NO;NO;NO;NO;NO;NO;NO;NO;NO;NO;NO
WeM;3B4d;Goats;kt;0,205576526;0,195854838;0,187480151;0,173522339;0,498409514;0,49718596;0,496017892;0,494071112;NA;NA;NA;NA;4,973542452;4,777213824;4,723771906;4,634702043;0,03246878;0,028586424;0,028519264;0,028407331;0,027850899
WeM;3B4e;Horses;kt;0,201585875;0,201291635;0,200408915;0,198937715;0,89740966;0,895895152;0,892029197;0,885585939;NA;NA;NA;NA;5,340920602;5,32289511;5,287521822;5,22856634;0,037041063;0,03487736;0,034726857;0,03447602;0,034693184
WeM;3B4f;Mules and asses;kt;0,001584197;0,001582984;0,001577142;0,001567407;0,031466107;0,029226287;0,029118437;0,028938687;NA;NA;NA;NA;0,063666473;0,061613553;0,061386189;0,061007249;0,001145564;0,001053957;0,001050068;0,001043585;0,001025007
WeM;3B4g;Poultry;kt;2,016961049;2,011459493;2,011797463;2,012360746;16,49450029;16,69130131;17,33330423;18,41239744;NA;NA;NA;NA;42,61000394;41,15514926;37,38006518;34,68304521;0,76583918;0,76156511;0,753076957;0,738930035;0,730839508
WeM;3B4h;Other;kt;0,887458519;0,90246755;0,947615947;1,022863276;0,557626122;0,557189792;0,555880753;0,553699022;NA;NA;NA;NA;15,08230207;13,93765195;10,50576308;4,785948293;0,030452232;0,030396063;0,030324651;0,030205633;0,029613976
WeM;3D;Plant production and agricultural soils;kt;74,35736;74,0141292;72,58006168;70,18950957;38,24678477;37,65689702;35,90963985;33,07264117;NA;NA;NA;NA;239,5225511;238,137864;233,2814451;225,1791621;1,872596836;1,865230737;1,843132439;1,806301942;1,806301942
WeM;3F,I;Field burning and other agriculture;kt;0,624456147;0,638174534;0,679329695;0,74792163;0,135751338;0,138733596;0,14768037;0,162591661;0,135751338;0,138733596;0,14768037;0,162591661;0,651606418;0,665921257;0,708865773;0,780439966;1,466114435;1,498322822;1,594947983;1,755989918;1,755989918
WeM;5;Waste;kt;58,19204774;53,85468606;41,00437329;19,58719286;15,11575942;14,10917314;11,17959653;6,29703359;2,361590021;2,199623323;1,719702587;0,919834694;3,544998477;3,681025798;4,048274984;4,660876129;54,90086157;50,89816295;39,03786241;19,2709898;19,30512595
WeM;NATIONAL TOTAL;National Total for the entire territory;kt;620,4527372;569,9333913;514,2412859;386,8735991;549,4333944;538,890937;531,2344762;517,9146098;122,9032633;116,843934;107,1584887;98,42310143;478,7758036;471,2786895;450,1311395;418,6175208;135,0050179;127,8815105;110,6295461;80,49289361;77,4929839
WeM;1A1;Energy industries (Combustion in power plants & Energy Production);kt;40,49638323;37,49744543;28,62211482;24,54454493;10,90562266;10,21896938;8,191448838;8,071478703;8,463393048;7,850873122;5,680393879;4,258714801;1,870143834;1,710684695;1,363111399;1,854995505;4,765164273;4,48471312;3,688329097;4,266884867;2,891956152
WeM;1A2;Manufacturing Industries and Construction (Combustion in industry including Mobile);kt;103,5276719;97,36238337;83,49311856;72,0392032;21,687467;21,82652813;22,82355275;25,25836303;54,03007843;47,19523673;35,48334712;25,86977037;1,689555064;1,784070126;2,067615314;2,449750275;9,149643682;9,346544813;10,0302775;11,21239035;17,78110057
WeM;1A3b;Road Transport;kt;229,6369639;178,8954855;122,4942681;25,58344909;22,27674716;21,21329369;20,01143233;17,43103774;0,297694598;0,294262215;0,282431176;0,192272208;2,432855097;2,25016487;2,111481881;1,615888276;12,92749236;9,996438855;7,781714275;4,594057087;5,134434746
WeM;1A3bi;R.T., Passenger cars;kt;139,2006511;106,2714613;66,54335875;10,95144488;8,881446236;8,026293847;7,200450183;5,719704741;0,190121063;0,182410642;0,15927938;0,085486067;2,085278864;1,836668578;1,585890415;1,066519464;5,437265723;3,811933712;2,04129306;0,201292074;0,294978671
WeM;1A3bii;R.T., Light duty vehicles;kt;22,45289685;15,40579152;7,372230929;1,042342976;1,393586085;1,047741795;0,57023282;0,28024874;0,024399311;0,022323147;0,016079698;0,012990086;0,069835675;0,063727527;0,045524741;0,036044755;1,139361675;0,762314744;0,348179986;0,007892116;0,011611425
WeM;1A3biii;R.T., Heavy duty vehicles;kt;65,6195646;54,87425281;46,33587688;11,69272754;1,736072626;1,380072168;1,048664852;0,042543522;0,076984473;0,083377054;0,101186251;0,08881788;0,246014824;0,319106234;0,451575783;0,490422202;1,031460409;0,822512797;0,636215426;0,030506389;0,052409302
WeM;1A3biv;R.T., Mopeds & Motorcycles;kt;2,363851306;2,343979911;2,242801583;1,896933685;7,09554475;7,589088419;7,792732777;7,339840942;0,006189751;0,006151372;0,005885847;0,004978176;0,031725734;0,030662532;0,028490942;0,022901854;0,122032749;0,120996397;0,115773565;0,097919841;0,111101387
WeM;1A3bv;R.T., Gasoline evaporation;kt;NA;NA;NA;NA;3,170097459;3,170097459;3,399351696;4,048699796;NA;NA;NA;NA;NA;NA;NA;NA;NA;NA;NA;NA;NA
WeM;1A3bvi;R.T., Automobile tyre and brake wear;kt;NA;NA;NA;NA;NA;NA;NA;NA;NA;NA;NA;NA;NA;NA;NA;NA;3,258357038;2,837769919;2,940144122;2,696958271;2,955402719
WeM;1A3bvii;R.T., Automobile road abrasion;kt;NA;NA;NA;NA;NA;NA;NA;NA;NA;NA;NA;NA;NA;NA;NA;NA;1,939014769;1,640911285;1,700108116;1,559488397;1,708931242
WeM;1A3a,c,d,e;Off-road transport;kt;11,23126169;12,29190183;15,97429737;15,53627513;1,558715444;1,707121321;2,145595883;1,93835052;3,127854189;2,924674975;2,315480178;1,890186125;0,003862137;0,004050575;0,00461589;0,00377631;1,291238382;1,257797764;1,170361647;0,872570133;1,67312472
WeM;1A4;Other sectors (Commercial, institutional, residential, agriculture and fishing stationary and mobile combustion);kt;85,60681954;79,62699611;68,11156404;53,14143415;47,04476476;42,7398848;29,82524489;21,30041139;18,34260229;16,02756071;9,576145884;5,438778732;4,368920106;4,030299166;3,014436342;2,564278023;38,59725708;34,4941727;23,27357963;16,74307497;15,81926102
WeM;1A5;Other;kt;1,938857876;1,965968308;2,027688364;2,120187113;0,048808573;0,049491048;0,051044781;0,053373333;0,093442706;0,094749286;0,097723866;0,102181817;0,000866581;0,000878698;0,000906284;0,000947627;0,02599982;0,026363367;0,027191025;0,02843142;0,030650247
WeM;1B;Fugitive emissions (Fugitive emissions from fuels);kt;4,028431864;3,953572064;3,728746343;2,683744326;21,80626514;21,16553985;19,56184506;13,92225724;21,35898968;20,96199639;19,77079759;14,22950245;0,010445252;0,010327572;0,008961882;0,006839914;0,178397767;0,176381807;0,153118879;0,116830483;0,17999499
WeM;2A,B,C,H,I,J,K,L;Industrial Processes;kt;3,605934286;3,630603545;3,681241303;3,664703385;34,6171859;34,7990576;35,13597621;35,45002817;14,68746284;14,24214242;12,79684344;13,13526352;1,301331578;1,322002305;1,374953294;1,457977318;6,344346458;6,267768735;6,055491464;6,02771681;7,099856948
WeM;2D, 2G;Solvent and other product use;kt;0,100662219;0,103238918;0,110969017;0,123852514;262,7613145;253,9073324;253,7891905;252,5671628;0,004404157;0,004523113;0,004861785;0,005426238;0,231208155;0,237126503;0,254881544;0,284473278;1,629759263;1,670609214;1,793159047;1,997408767;2,30438329
WeM;3B;Animal husbandry and manure management;kt;7,105886771;7,084147176;7,056288165;7,009856479;73,22820777;72,76855636;71,41899578;69,20339739;NA;NA;NA;NA;223,1474597;216,9925964;200,2894858;176,147455;1,856145953;1,841594295;1,808102652;1,752283246;1,710803411
WeM;3B1a;Cattle Dairy;kt;0,902001845;0,897318313;0,882482514;0,857756181;21,05818509;20,91882103;20,45555534;19,69221805;NA;NA;NA;NA;30,95422292;30,18493865;27,8495006;23,95710386;0,33282734;0,33114185;0,325666921;0,316542039;0,293460849
WeM;3B1b;Cattle Non-Dairy;kt;2,215234678;2,208185094;2,185369751;2,147344181;18,93452737;18,75498666;18,2205029;17,34550536;NA;NA;NA;NA;35,76384351;35,46876953;34,55710585;33,03766638;0,37059498;0,372575042;0,368725534;0,362309686;0,358612649
WeM;3B2;Sheep;kt;0,30164361;0,300082218;0,296295875;0,289985304;0,858021515;0,855811937;0,847863913;0,834617208;NA;NA;NA;NA;8,096920787;8,025190515;7,8386417;7,527727007;0,08239648;0,081917625;0,080884015;0,07916133;0,074950621
WeM;3B3;Swine;kt;0,373840472;0,365905051;0,343260405;0,305519329;13,8980621;13,56813823;12,58872311;10,95636459;NA;NA;NA;NA;80,26203699;78,05917397;72,0857295;62,23168861;0,203380334;0,199480865;0,185128386;0,161207587;0,159756718
WeM;3B4a;Buffalo;kt;NO;NO;NO;NO;NO;NO;NO;NO;NO;NO;NO;NO;NO;NO;NO;NO;NO;NO;NO;NO;NO
WeM;3B4d;Goats;kt;0,205576526;0,195854838;0,187480151;0,173522339;0,498409514;0,49718596;0,496017892;0,494071112;NA;NA;NA;NA;4,973542452;4,777213824;4,723771906;4,634702043;0,03246878;0,028586424;0,028519264;0,028407331;0,027850899
WeM;3B4e;Horses;kt;0,201585875;0,201291635;0,200408915;0,198937715;0,89740966;0,895895152;0,892029197;0,885585939;NA;NA;NA;NA;5,340920602;5,32289511;5,287521822;5,22856634;0,037041063;0,03487736;0,034726857;0,03447602;0,034693184
WeM;3B4f;Mules and asses;kt;0,001584197;0,001582984;0,001577142;0,001567407;0,031466107;0,029226287;0,029118437;0,028938687;NA;NA;NA;NA;0,063666473;0,061613553;0,061386189;0,061007249;0,001145564;0,001053957;0,001050068;0,001043585;0,001025007
WeM;3B4g;Poultry;kt;2,016961049;2,011459493;2,011797463;2,012360746;16,49450029;16,69130131;17,33330423;18,41239744;NA;NA;NA;NA;42,61000394;41,15514926;37,38006518;34,68304521;0,76583918;0,76156511;0,753076957;0,738930035;0,730839508
WeM;3B4h;Other;kt;0,887458519;0,90246755;0,947615947;1,022863276;0,557626122;0,557189792;0,555880753;0,553699022;NA;NA;NA;NA;15,08230207;13,93765195;10,50576308;4,785948293;0,030452232;0,030396063;0,030324651;0,030205633;0,029613976
WeM;3D;Plant production and agricultural soils;kt;74,35736;74,02386134;72,60789008;70,24419438;38,24678477;37,65689702;35,90963985;33,07264117;NA;NA;NA;NA;239,5225511;238,2013442;233,4562912;225,492685;1,872596836;1,865230737;1,843132439;1,806301942;1,806301942
WeM;3F,I;Field burning and other agriculture;kt;0,624456147;0,638174534;0,679329695;0,74792163;0,135751338;0,138733596;0,14768037;0,162591661;0,135751338;0,138733596;0,14768037;0,162591661;0,651606418;0,665921257;0,708865773;0,780439966;1,466114435;1,498322822;1,594947983;1,755989918;1,755989918
WeM;5;Waste;kt;58,19204774;53,85468606;41,00437329;19,58719286;15,11575942;14,10767111;11,1735884;6,283515317;2,361590021;2,199623323;1,719702587;0,919834694;3,544998477;3,680845689;4,047554547;4,659255147;54,90086157;50,89816295;39,03786241;19,2709898;19,30512595
WeM;NATIONAL TOTAL;National Total for the entire territory;kt;620,4527372;550,9284642;449,5918892;297,0265592;549,4333944;532,2990763;510,1852356;484,7146085;122,9032633;111,9343759;87,87540787;66,20452262;478,7758036;470,890312;448,7031612;417,3187616;135,0050179;123,8241012;98,25726804;70,4449298;77,4929839
;;;kt;;;;;;;;;;;;;;;;;;;;;
;;;kt;;;;;;;;;;;;;;;;;;;;;
;;;kt;;;;;;;;;;;;;;;;;;;;;
;;;kt;;;;;;;;;;;;;;;;;;;;;
;;;kt;;;;;;;;;;;;;;;;;;;;;
;;;kt;;;;;;;;;;;;;;;;;;;;;
;;;kt;;;;;;;;;;;;;;;;;;;;;
;;;kt;;;;;;;;;;;;;;;;;;;;;
;;;kt;;;;;;;;;;;;;;;;;;;;;
;;;kt;;;;;;;;;;;;;;;;;;;;;
;;;kt;;;;;;;;;;;;;;;;;;;;;
;;;kt;;;;;;;;;;;;;;;;;;;;;
;;;kt;;;;;;;;;;;;;;;;;;;;;
;;;kt;;;;;;;;;;;;;;;;;;;;;
;;;kt;;;;;;;;;;;;;;;;;;;;;
;;;kt;;;;;;;;;;;;;;;;;;;;;
;;;kt;;;;;;;;;;;;;;;;;;;;;
;;;kt;;;;;;;;;;;;;;;;;;;;;
;;;kt;;;;;;;;;;;;;;;;;;;;;
;;;kt;;;;;;;;;;;;;;;;;;;;;
;;;kt;;;;;;;;;;;;;;;;;;;;;
;;;kt;;;;;;;;;;;;;;;;;;;;;
;;;kt;;;;;;;;;;;;;;;;;;;;;
;;;kt;;;;;;;;;;;;;;;;;;;;;
;;;kt;;;;;;;;;;;;;;;;;;;;;
;;;kt;;;;;;;;;;;;;;;;;;;;;
;;;kt;;;;;;;;;;;;;;;;;;;;;
;;;kt;;;;;;;;;;;;;;;;;;;;;
;;;kt;;;;;;;;;;;;;;;;;;;;;
;;;kt;;;;;;;;;;;;;;;;;;;;;
;;;kt;;;;;;;;;;;;;;;;;;;;;
;;;kt;;;;;;;;;;;;;;;;;;;;;
;;;kt;;;;;;;;;;;;;;;;;;;;;
;;;kt;;;;;;;;;;;;;;;;;;;;;
;;;kt;;;;;;;;;;;;;;;;;;;;;
;;;kt;;;;;;;;;;;;;;;;;;;;;
;;;kt;;;;;;;;;;;;;;;;;;;;;
;;;kt;;;;;;;;;;;;;;;;;;;;;
;;;kt;;;;;;;;;;;;;;;;;;;;;
;;;kt;;;;;;;;;;;;;;;;;;;;;
;;;kt;;;;;;;;;;;;;;;;;;;;;
;;;kt;;;;;;;;;;;;;;;;;;;;;
;;;kt;;;;;;;;;;;;;;;;;;;;;
;;;kt;;;;;;;;;;;;;;;;;;;;;
;;;kt;;;;;;;;;;;;;;;;;;;;;
;;;kt;;;;;;;;;;;;;;;;;;;;;
;;;kt;;;;;;;;;;;;;;;;;;;;;
;;;kt;;;;;;;;;;;;;;;;;;;;;
;;;kt;;;;;;;;;;;;;;;;;;;;;
;;;kt;;;;;;;;;;;;;;;;;;;;;
;;;kt;;;;;;;;;;;;;;;;;;;;;
;;;kt;;;;;;;;;;;;;;;;;;;;;
;;;kt;;;;;;;;;;;;;;;;;;;;;
;;;kt;;;;;;;;;;;;;;;;;;;;;
;;;kt;;;;;;;;;;;;;;;;;;;;;
;;;kt;;;;;;;;;;;;;;;;;;;;;
;;;kt;;;;;;;;;;;;;;;;;;;;;
;;;kt;;;;;;;;;;;;;;;;;;;;;
;;;kt;;;;;;;;;;;;;;;;;;;;;
;;;kt;;;;;;;;;;;;;;;;;;;;;
;;;kt;;;;;;;;;;;;;;;;;;;;;
;;;kt;;;;;;;;;;;;;;;;;;;;;
;;;kt;;;;;;;;;;;;;;;;;;;;;
;;;kt;;;;;;;;;;;;;;;;;;;;;
;;;kt;;;;;;;;;;;;;;;;;;;;;
;;;kt;;;;;;;;;;;;;;;;;;;;;
;;;kt;;;;;;;;;;;;;;;;;;;;;
;;;kt;;;;;;;;;;;;;;;;;;;;;
;;;kt;;;;;;;;;;;;;;;;;;;;;
;;;kt;;;;;;;;;;;;;;;;;;;;;
;;;kt;;;;;;;;;;;;;;;;;;;;;
;;;kt;;;;;;;;;;;;;;;;;;;;;
;;;kt;;;;;;;;;;;;;;;;;;;;;
;;;kt;;;;;;;;;;;;;;;;;;;;;
;;;kt;;;;;;;;;;;;;;;;;;;;;
;;;kt;;;;;;;;;;;;;;;;;;;;;
;;;kt;;;;;;;;;;;;;;;;;;;;;
;;;kt;;;;;;;;;;;;;;;;;;;;;
;;;kt;;;;;;;;;;;;;;;;;;;;;
;;;kt;;;;;;;;;;;;;;;;;;;;;
;;;kt;;;;;;;;;;;;;;;;;;;;;
;;;kt;;;;;;;;;;;;;;;;;;;;;
;;;kt;;;;;;;;;;;;;;;;;;;;;
;;;kt;;;;;;;;;;;;;;;;;;;;;
;;;kt;;;;;;;;;;;;;;;;;;;;;
;;;kt;;;;;;;;;;;;;;;;;;;;;
;;;kt;;;;;;;;;;;;;;;;;;;;;
;;;kt;;;;;;;;;;;;;;;;;;;;;
;;;kt;;;;;;;;;;;;;;;;;;;;;
;;;kt;;;;;;;;;;;;;;;;;;;;;
;;;kt;;;;;;;;;;;;;;;;;;;;;
;;;kt;;;;;;;;;;;;;;;;;;;;;
;;;kt;;;;;;;;;;;;;;;;;;;;;
;;;kt;;;;;;;;;;;;;;;;;;;;;
;;;kt;;;;;;;;;;;;;;;;;;;;;
;;;kt;;;;;;;;;;;;;;;;;;;;;
;;;kt;;;;;;;;;;;;;;;;;;;;;
;;;kt;;;;;;;;;;;;;;;;;;;;;
;;;kt;;;;;;;;;;;;;;;;;;;;;
;;;kt;;;;;;;;;;;;;;;;;;;;;
;;;kt;;;;;;;;;;;;;;;;;;;;;
;;;kt;;;;;;;;;;;;;;;;;;;;;
;;;kt;;;;;;;;;;;;;;;;;;;;;
;;;kt;;;;;;;;;;;;;;;;;;;;;
;;;kt;;;;;;;;;;;;;;;;;;;;;
;;;kt;;;;;;;;;;;;;;;;;;;;;
;;;kt;;;;;;;;;;;;;;;;;;;;;
;;;kt;;;;;;;;;;;;;;;;;;;;;
;;;kt;;;;;;;;;;;;;;;;;;;;;
;;;kt;;;;;;;;;;;;;;;;;;;;;
;;;kt;;;;;;;;;;;;;;;;;;;;;
;;;kt;;;;;;;;;;;;;;;;;;;;;
;;;kt;;;;;;;;;;;;;;;;;;;;;
;;;kt;;;;;;;;;;;;;;;;;;;;;
;;;kt;;;;;;;;;;;;;;;;;;;;;
;;;kt;;;;;;;;;;;;;;;;;;;;;
;;;kt;;;;;;;;;;;;;;;;;;;;;
;;;kt;;;;;;;;;;;;;;;;;;;;;
;;;kt;;;;;;;;;;;;;;;;;;;;;
;;;kt;;;;;;;;;;;;;;;;;;;;;
;;;kt;;;;;;;;;;;;;;;;;;;;;
;;;kt;;;;;;;;;;;;;;;;;;;;;
;;;kt;;;;;;;;;;;;;;;;;;;;;
;;;kt;;;;;;;;;;;;;;;;;;;;;
;;;kt;;;;;;;;;;;;;;;;;;;;;
;;;kt;;;;;;;;;;;;;;;;;;;;;
;;;kt;;;;;;;;;;;;;;;;;;;;;
;;;kt;;;;;;;;;;;;;;;;;;;;;
;;;kt;;;;;;;;;;;;;;;;;;;;;
;;;kt;;;;;;;;;;;;;;;;;;;;;
;;;kt;;;;;;;;;;;;;;;;;;;;;
;;;kt;;;;;;;;;;;;;;;;;;;;;
;;;kt;;;;;;;;;;;;;;;;;;;;;
;;;kt;;;;;;;;;;;;;;;;;;;;;
;;;kt;;;;;;;;;;;;;;;;;;;;;
;;;kt;;;;;;;;;;;;;;;;;;;;;
;;;kt;;;;;;;;;;;;;;;;;;;;;
;;;kt;;;;;;;;;;;;;;;;;;;;;
;;;kt;;;;;;;;;;;;;;;;;;;;;
;;;kt;;;;;;;;;;;;;;;;;;;;;
;;;kt;;;;;;;;;;;;;;;;;;;;;
;;;kt;;;;;;;;;;;;;;;;;;;;;
;;;kt;;;;;;;;;;;;;;;;;;;;;
;;;kt;;;;;;;;;;;;;;;;;;;;;
;;;kt;;;;;;;;;;;;;;;;;;;;;
;;;kt;;;;;;;;;;;;;;;;;;;;;
;;;kt;;;;;;;;;;;;;;;;;;;;;
;;;kt;;;;;;;;;;;;;;;;;;;;;
;;;kt;;;;;;;;;;;;;;;;;;;;;
;;;kt;;;;;;;;;;;;;;;;;;;;;
;;;kt;;;;;;;;;;;;;;;;;;;;;
;;;kt;;;;;;;;;;;;;;;;;;;;;
;;;kt;;;;;;;;;;;;;;;;;;;;;
;;;kt;;;;;;;;;;;;;;;;;;;;;
;;;kt;;;;;;;;;;;;;;;;;;;;;
;;;kt;;;;;;;;;;;;;;;;;;;;;
;;;kt;;;;;;;;;;;;;;;;;;;;;
;;;kt;;;;;;;;;;;;;;;;;;;;;
;;;kt;;;;;;;;;;;;;;;;;;;;;
;;;kt;;;;;;;;;;;;;;;;;;;;;
;;;kt;;;;;;;;;;;;;;;;;;;;;
;;;kt;;;;;;;;;;;;;;;;;;;;;
